%YAML:1.0
---
#####################################################################
# 步兵(非打符)、英雄(非吊射)、哨兵下云台
#####################################################################
K: !!opencv-matrix
   rows: 3
   cols: 3
   dt: d
   data:  [1250.5467937906378211,  0.000000000000,  651.4546633172320753,
           0.000000000000,  1246.8478920233042118,  566.1700007997173998,
           0.000000000000,  0.000000000000,  1.000000000000]
D: !!opencv-matrix
   rows: 1
   cols: 5
   dt: d
   data:  [-0.0826348728143288, -4.6338847830020908, 0.0, 0.0, 65.2043084523211007]
Tcb: !!opencv-matrix
   rows: 3
   cols: 3
   dt: f
   data: [ 1, 0, 0,
           0, 1, 0,
           0, 0, 1 ]